DUPLEX
[shared-socket-receiver] blocked 4 times for 0ms
[shared-socket-sender] blocked 4 times for 0ms
60.281: Total time for which application threads were stopped: 0.0001413 seconds, Stopping threads took: 0.0000782 seconds
       Value     Percentile TotalCount 1/(1-Percentile)

     22.0000 0.000000000000          3           1.00
     23.0000 0.100000000000      18821           1.11
     24.0000 0.200000000000      30336           1.25
     25.0000 0.300000000000      52703           1.43
     26.0000 0.400000000000      69830           1.67
     26.0000 0.500000000000      69830           2.00
     27.0000 0.550000000000      97373           2.22
     27.0000 0.600000000000      97373           2.50
     27.0000 0.650000000000      97373           2.86
     27.0000 0.700000000000      97373           3.33
     28.0000 0.750000000000     111914           4.00
     28.0000 0.775000000000     111914           4.44
     28.0000 0.800000000000     111914           5.00
     28.0000 0.825000000000     111914           5.71
     29.0000 0.850000000000     122015           6.67
     29.0000 0.875000000000     122015           8.00
     29.0000 0.887500000000     122015           8.89
     29.0000 0.900000000000     122015          10.00
     29.0000 0.912500000000     122015          11.43
     29.0000 0.925000000000     122015          13.33
     30.0000 0.937500000000     125847          16.00
     30.0000 0.943750000000     125847          17.78
     30.0000 0.950000000000     125847          20.00
     31.0000 0.956250000000     127917          22.86
     31.0000 0.962500000000     127917          26.67
     31.0000 0.968750000000     127917          32.00
     32.0000 0.971875000000     129001          35.56
     32.0000 0.975000000000     129001          40.00
     33.0000 0.978125000000     129620          45.71
     33.0000 0.981250000000     129620          53.33
     34.0000 0.984375000000     130080          64.00
     34.0000 0.985937500000     130080          71.11
     35.0000 0.987500000000     130393          80.00
     36.0000 0.989062500000     130603          91.43
     37.0000 0.990625000000     130770         106.67
     38.0000 0.992187500000     130937         128.00
     39.0000 0.992968750000     131124         142.22
     39.0000 0.993750000000     131124         160.00
     40.0000 0.994531250000     131256         182.86
     41.0000 0.995312500000     131372         213.33
     42.0000 0.996093750000     131477         256.00
     42.0000 0.996484375000     131477         284.44
     43.0000 0.996875000000     131574         320.00
     43.0000 0.997265625000     131574         365.71
     44.0000 0.997656250000     131645         426.67
     45.0000 0.998046875000     131694         512.00
     45.0000 0.998242187500     131694         568.89
     46.0000 0.998437500000     131738         640.00
     46.0000 0.998632812500     131738         731.43
     47.0000 0.998828125000     131774         853.33
     48.0000 0.999023437500     131805        1024.00
     48.0000 0.999121093750     131805        1137.78
     48.0000 0.999218750000     131805        1280.00
     49.0000 0.999316406250     131822        1462.86
     50.0000 0.999414062500     131837        1706.67
     51.0000 0.999511718750     131853        2048.00
     51.0000 0.999560546875     131853        2275.56
     51.0000 0.999609375000     131853        2560.00
     52.0000 0.999658203125     131863        2925.71
     53.0000 0.999707031250     131870        3413.33
     54.0000 0.999755859375     131875        4096.00
     55.0000 0.999780273438     131880        4551.11
     55.0000 0.999804687500     131880        5120.00
     57.0000 0.999829101563     131888        5851.43
     57.0000 0.999853515625     131888        6826.67
     57.0000 0.999877929688     131888        8192.00
     58.0000 0.999890136719     131892        9102.22
     58.0000 0.999902343750     131892       10240.00
     59.0000 0.999914550781     131893       11702.86
     60.0000 0.999926757813     131895       13653.33
     61.0000 0.999938964844     131896       16384.00
     62.0000 0.999945068359     131897       18204.44
     65.0000 0.999951171875     131898       20480.00
     67.0000 0.999957275391     131899       23405.71
     68.0000 0.999963378906     131900       27306.67
     68.0000 0.999969482422     131900       32768.00
     69.0000 0.999972534180     131901       36408.89
     69.0000 0.999975585938     131901       40960.00
     78.0000 0.999978637695     131902       46811.43
     78.0000 0.999981689453     131902       54613.33
     78.0000 0.999984741211     131902       65536.00
     80.0000 0.999986267090     131903       72817.78
     80.0000 0.999987792969     131903       81920.00
     80.0000 0.999989318848     131903       93622.86
     80.0000 0.999990844727     131903      109226.67
     80.0000 0.999992370605     131903      131072.00
     86.0000 0.999993133545     131904      145635.56
     86.0000 1.000000000000     131904
#[Mean    =      26.3840, StdDeviation   =       2.7622]
#[Max     =      86.0000, Total count    =       131904]
#[Buckets =            2, SubBuckets     =        32768]
== duplex receive latency ==
mean                      26
min                       22
50.00%                    26
90.00%                    29
99.00%                    36
99.90%                    47
99.99%                    58
99.999%                   80
99.9999%                  86
max                       86
count                 131904


DUPLEX
[shared-socket-receiver] blocked 3 times for 0ms
[shared-socket-sender] blocked 2 times for 0ms
       Value     Percentile TotalCount 1/(1-Percentile)

     22.0000 0.000000000000       2159           1.00
     23.0000 0.100000000000      25135           1.11
     24.0000 0.200000000000      36558           1.25
     25.0000 0.300000000000      62026           1.43
     25.0000 0.400000000000      62026           1.67
     26.0000 0.500000000000      79235           2.00
     26.0000 0.550000000000      79235           2.22
     26.0000 0.600000000000      79235           2.50
     27.0000 0.650000000000     104232           2.86
     27.0000 0.700000000000     104232           3.33
     27.0000 0.750000000000     104232           4.00
     27.0000 0.775000000000     104232           4.44
     28.0000 0.800000000000     116965           5.00
     28.0000 0.825000000000     116965           5.71
     28.0000 0.850000000000     116965           6.67
     28.0000 0.875000000000     116965           8.00
     29.0000 0.887500000000     123679           8.89
     29.0000 0.900000000000     123679          10.00
     29.0000 0.912500000000     123679          11.43
     29.0000 0.925000000000     123679          13.33
     30.0000 0.937500000000     126501          16.00
     30.0000 0.943750000000     126501          17.78
     30.0000 0.950000000000     126501          20.00
     30.0000 0.956250000000     126501          22.86
     31.0000 0.962500000000     128074          26.67
     31.0000 0.968750000000     128074          32.00
     32.0000 0.971875000000     128877          35.56
     32.0000 0.975000000000     128877          40.00
     33.0000 0.978125000000     129391          45.71
     34.0000 0.981250000000     129803          53.33
     35.0000 0.984375000000     130215          64.00
     35.0000 0.985937500000     130215          71.11
     36.0000 0.987500000000     130459          80.00
     37.0000 0.989062500000     130648          91.43
     38.0000 0.990625000000     130824         106.67
     39.0000 0.992187500000     131041         128.00
     39.0000 0.992968750000     131041         142.22
     40.0000 0.993750000000     131211         160.00
     41.0000 0.994531250000     131363         182.86
     41.0000 0.995312500000     131363         213.33
     42.0000 0.996093750000     131489         256.00
     42.0000 0.996484375000     131489         284.44
     43.0000 0.996875000000     131593         320.00
     43.0000 0.997265625000     131593         365.71
     44.0000 0.997656250000     131654         426.67
     45.0000 0.998046875000     131707         512.00
     45.0000 0.998242187500     131707         568.89
     46.0000 0.998437500000     131756         640.00
     46.0000 0.998632812500     131756         731.43
     47.0000 0.998828125000     131787         853.33
     48.0000 0.999023437500     131816        1024.00
     49.0000 0.999121093750     131833        1137.78
     49.0000 0.999218750000     131833        1280.00
     50.0000 0.999316406250     131847        1462.86
     51.0000 0.999414062500     131865        1706.67
     52.0000 0.999511718750     131880        2048.00
     52.0000 0.999560546875     131880        2275.56
     53.0000 0.999609375000     131890        2560.00
     53.0000 0.999658203125     131890        2925.71
     54.0000 0.999707031250     131898        3413.33
     55.0000 0.999755859375     131905        4096.00
     56.0000 0.999780273438     131913        4551.11
     56.0000 0.999804687500     131913        5120.00
     56.0000 0.999829101563     131913        5851.43
     57.0000 0.999853515625     131920        6826.67
     57.0000 0.999877929688     131920        8192.00
     57.0000 0.999890136719     131920        9102.22
     58.0000 0.999902343750     131922       10240.00
     59.0000 0.999914550781     131926       11702.86
     59.0000 0.999926757813     131926       13653.33
     59.0000 0.999938964844     131926       16384.00
     60.0000 0.999945068359     131930       18204.44
     60.0000 0.999951171875     131930       20480.00
     60.0000 0.999957275391     131930       23405.71
     60.0000 0.999963378906     131930       27306.67
     60.0000 0.999969482422     131930       32768.00
     61.0000 0.999972534180     131931       36408.89
     61.0000 0.999975585938     131931       40960.00
     62.0000 0.999978637695     131932       46811.43
     62.0000 0.999981689453     131932       54613.33
     62.0000 0.999984741211     131932       65536.00
     63.0000 0.999986267090     131933       72817.78
     63.0000 0.999987792969     131933       81920.00
     63.0000 0.999989318848     131933       93622.86
     63.0000 0.999990844727     131933      109226.67
     63.0000 0.999992370605     131933      131072.00
     64.0000 0.999993133545     131934      145635.56
     64.0000 1.000000000000     131934
#[Mean    =      26.0361, StdDeviation   =       2.8351]
#[Max     =      64.0000, Total count    =       131934]
#[Buckets =            2, SubBuckets     =        32768]
== duplex receive latency ==
mean                      26
min                       22
50.00%                    26
90.00%                    29
99.00%                    37
99.90%                    48
99.99%                    58
99.999%                   63
99.9999%                  64
max                       64
count                 131934


[shared-socket-receiver] blocked 3 times for 0ms
[shared-socket-sender] blocked 5 times for 0ms
60.318: Total time for which application threads were stopped: 0.0000724 seconds, Stopping threads took: 0.0000345 seconds
       Value     Percentile TotalCount 1/(1-Percentile)

     22.0000 0.000000000000       1115           1.00
     23.0000 0.100000000000      22953           1.11
     24.0000 0.200000000000      34062           1.25
     25.0000 0.300000000000      59231           1.43
     25.0000 0.400000000000      59231           1.67
     26.0000 0.500000000000      74835           2.00
     26.0000 0.550000000000      74835           2.22
     27.0000 0.600000000000     101616           2.50
     27.0000 0.650000000000     101616           2.86
     27.0000 0.700000000000     101616           3.33
     27.0000 0.750000000000     101616           4.00
     28.0000 0.775000000000     113831           4.44
     28.0000 0.800000000000     113831           5.00
     28.0000 0.825000000000     113831           5.71
     28.0000 0.850000000000     113831           6.67
     29.0000 0.875000000000     121644           8.00
     29.0000 0.887500000000     121644           8.89
     29.0000 0.900000000000     121644          10.00
     29.0000 0.912500000000     121644          11.43
     30.0000 0.925000000000     124689          13.33
     30.0000 0.937500000000     124689          16.00
     30.0000 0.943750000000     124689          17.78
     31.0000 0.950000000000     126537          20.00
     31.0000 0.956250000000     126537          22.86
     32.0000 0.962500000000     127645          26.67
     33.0000 0.968750000000     128258          32.00
     33.0000 0.971875000000     128258          35.56
     34.0000 0.975000000000     128725          40.00
     35.0000 0.978125000000     129145          45.71
     37.0000 0.981250000000     129773          53.33
     38.0000 0.984375000000     130074          64.00
     39.0000 0.985937500000     130330          71.11
     39.0000 0.987500000000     130330          80.00
     40.0000 0.989062500000     130595          91.43
     41.0000 0.990625000000     130844         106.67
     42.0000 0.992187500000     131032         128.00
     43.0000 0.992968750000     131183         142.22
     43.0000 0.993750000000     131183         160.00
     44.0000 0.994531250000     131319         182.86
     45.0000 0.995312500000     131447         213.33
     46.0000 0.996093750000     131551         256.00
     46.0000 0.996484375000     131551         284.44
     47.0000 0.996875000000     131642         320.00
     47.0000 0.997265625000     131642         365.71
     48.0000 0.997656250000     131706         426.67
     49.0000 0.998046875000     131748         512.00
     49.0000 0.998242187500     131748         568.89
     50.0000 0.998437500000     131794         640.00
     50.0000 0.998632812500     131794         731.43
     51.0000 0.998828125000     131836         853.33
     52.0000 0.999023437500     131862        1024.00
     52.0000 0.999121093750     131862        1137.78
     53.0000 0.999218750000     131881        1280.00
     53.0000 0.999316406250     131881        1462.86
     54.0000 0.999414062500     131900        1706.67
     55.0000 0.999511718750     131919        2048.00
     55.0000 0.999560546875     131919        2275.56
     55.0000 0.999609375000     131919        2560.00
     56.0000 0.999658203125     131926        2925.71
     57.0000 0.999707031250     131936        3413.33
     57.0000 0.999755859375     131936        4096.00
     58.0000 0.999780273438     131943        4551.11
     58.0000 0.999804687500     131943        5120.00
     59.0000 0.999829101563     131951        5851.43
     59.0000 0.999853515625     131951        6826.67
     59.0000 0.999877929688     131951        8192.00
     60.0000 0.999890136719     131956        9102.22
     60.0000 0.999902343750     131956       10240.00
     60.0000 0.999914550781     131956       11702.86
     61.0000 0.999926757813     131958       13653.33
     62.0000 0.999938964844     131959       16384.00
     63.0000 0.999945068359     131961       18204.44
     63.0000 0.999951171875     131961       20480.00
     66.0000 0.999957275391     131962       23405.71
     67.0000 0.999963378906     131963       27306.67
     67.0000 0.999969482422     131963       32768.00
     68.0000 0.999972534180     131964       36408.89
     68.0000 0.999975585938     131964       40960.00
     69.0000 0.999978637695     131965       46811.43
     69.0000 0.999981689453     131965       54613.33
     69.0000 0.999984741211     131965       65536.00
     70.0000 0.999986267090     131966       72817.78
     70.0000 0.999987792969     131966       81920.00
     70.0000 0.999989318848     131966       93622.86
     70.0000 0.999990844727     131966      109226.67
     70.0000 0.999992370605     131966      131072.00
     99.0000 0.999993133545     131967      145635.56
     99.0000 1.000000000000     131967
#[Mean    =      26.3109, StdDeviation   =       3.2572]
#[Max     =      99.0000, Total count    =       131967]
#[Buckets =            2, SubBuckets     =        32768]
== duplex receive latency ==
mean                      26
min                       22
50.00%                    26
90.00%                    29
99.00%                    41
99.90%                    51
99.99%                    60
99.999%                   70
99.9999%                  99
max                       99
count                 131967


[shared-socket-sender] blocked 3334 times for 2ms
[shared-socket-receiver] blocked 106427 times for 24ms
60.327: Total time for which application threads were stopped: 0.0001244 seconds, Stopping threads took: 0.0000851 seconds
       Value     Percentile TotalCount 1/(1-Percentile)

    262.0000 0.000000000000          1           1.00
    286.0000 0.100000000000      14946           1.11
    287.0000 0.200000000000      29885           1.25
    289.0000 0.300000000000      41242           1.43
    293.0000 0.400000000000      52460           1.67
    295.0000 0.500000000000      82097           2.00
    295.0000 0.550000000000      82097           2.22
    295.0000 0.600000000000      82097           2.50
    296.0000 0.650000000000      95665           2.86
    296.0000 0.700000000000      95665           3.33
    297.0000 0.750000000000     105864           4.00
    297.0000 0.775000000000     105864           4.44
    297.0000 0.800000000000     105864           5.00
    297.0000 0.825000000000     105864           5.71
    298.0000 0.850000000000     114354           6.67
    298.0000 0.875000000000     114354           8.00
    298.0000 0.887500000000     114354           8.89
    299.0000 0.900000000000     120286          10.00
    299.0000 0.912500000000     120286          11.43
    299.0000 0.925000000000     120286          13.33
    299.0000 0.937500000000     120286          16.00
    300.0000 0.943750000000     123518          17.78
    300.0000 0.950000000000     123518          20.00
    300.0000 0.956250000000     123518          22.86
    300.0000 0.962500000000     123518          26.67
    301.0000 0.968750000000     125210          32.00
    301.0000 0.971875000000     125210          35.56
    301.0000 0.975000000000     125210          40.00
    302.0000 0.978125000000     126055          45.71
    302.0000 0.981250000000     126055          53.33
    302.0000 0.984375000000     126055          64.00
    303.0000 0.985937500000     126537          71.11
    303.0000 0.987500000000     126537          80.00
    304.0000 0.989062500000     126890          91.43
    304.0000 0.990625000000     126890         106.67
    305.0000 0.992187500000     127179         128.00
    305.0000 0.992968750000     127179         142.22
    306.0000 0.993750000000     127294         160.00
    307.0000 0.994531250000     127415         182.86
    308.0000 0.995312500000     127498         213.33
    309.0000 0.996093750000     127553         256.00
    310.0000 0.996484375000     127602         284.44
    311.0000 0.996875000000     127635         320.00
    312.0000 0.997265625000     127668         365.71
    314.0000 0.997656250000     127727         426.67
    316.0000 0.998046875000     127789         512.00
    317.0000 0.998242187500     127815         568.89
    318.0000 0.998437500000     127853         640.00
    318.0000 0.998632812500     127853         731.43
    319.0000 0.998828125000     127888         853.33
    320.0000 0.999023437500     127905        1024.00
    320.0000 0.999121093750     127905        1137.78
    321.0000 0.999218750000     127926        1280.00
    322.0000 0.999316406250     127944        1462.86
    322.0000 0.999414062500     127944        1706.67
    323.0000 0.999511718750     127959        2048.00
    324.0000 0.999560546875     127966        2275.56
    324.0000 0.999609375000     127966        2560.00
    326.0000 0.999658203125     127977        2925.71
    327.0000 0.999707031250     127979        3413.33
    329.0000 0.999755859375     127986        4096.00
    330.0000 0.999780273438     127988        4551.11
    331.0000 0.999804687500     127992        5120.00
    332.0000 0.999829101563     127997        5851.43
    333.0000 0.999853515625     127999        6826.67
    334.0000 0.999877929688     128002        8192.00
    334.0000 0.999890136719     128002        9102.22
    336.0000 0.999902343750     128006       10240.00
    336.0000 0.999914550781     128006       11702.86
    337.0000 0.999926757813     128008       13653.33
    338.0000 0.999938964844     128010       16384.00
    338.0000 0.999945068359     128010       18204.44
    338.0000 0.999951171875     128010       20480.00
    340.0000 0.999957275391     128012       23405.71
    340.0000 0.999963378906     128012       27306.67
    341.0000 0.999969482422     128013       32768.00
    341.0000 0.999972534180     128013       36408.89
    341.0000 0.999975585938     128013       40960.00
    342.0000 0.999978637695     128015       46811.43
    342.0000 0.999981689453     128015       54613.33
    342.0000 0.999984741211     128015       65536.00
    342.0000 0.999986267090     128015       72817.78
    342.0000 0.999987792969     128015       81920.00
    342.0000 0.999989318848     128015       93622.86
    342.0000 0.999990844727     128015      109226.67
    409.0000 0.999992370605     128016      131072.00
    409.0000 1.000000000000     128016
#[Mean    =     292.9164, StdDeviation   =       5.3478]
#[Max     =     409.0000, Total count    =       128016]
#[Buckets =            2, SubBuckets     =        32768]
== shared receive latency ==
mean                     292
min                      262
50.00%                   295
90.00%                   299
99.00%                   304
99.90%                   319
99.99%                   335
99.999%                  342
99.9999%                 409
max                      409
count                 128016


[shared-socket-sender] blocked 7375 times for 3ms
[shared-socket-receiver] blocked 99411 times for 23ms
       Value     Percentile TotalCount 1/(1-Percentile)

    240.0000 0.000000000000          1           1.00
    286.0000 0.100000000000      21722           1.11
    287.0000 0.200000000000      34156           1.25
    288.0000 0.300000000000      40550           1.43
    293.0000 0.400000000000      58413           1.67
    294.0000 0.500000000000      74379           2.00
    294.0000 0.550000000000      74379           2.22
    295.0000 0.600000000000      96283           2.50
    295.0000 0.650000000000      96283           2.86
    295.0000 0.700000000000      96283           3.33
    295.0000 0.750000000000      96283           4.00
    296.0000 0.775000000000     108260           4.44
    296.0000 0.800000000000     108260           5.00
    296.0000 0.825000000000     108260           5.71
    297.0000 0.850000000000     115346           6.67
    297.0000 0.875000000000     115346           8.00
    297.0000 0.887500000000     115346           8.89
    298.0000 0.900000000000     119997          10.00
    298.0000 0.912500000000     119997          11.43
    298.0000 0.925000000000     119997          13.33
    299.0000 0.937500000000     122676          16.00
    299.0000 0.943750000000     122676          17.78
    299.0000 0.950000000000     122676          20.00
    299.0000 0.956250000000     122676          22.86
    300.0000 0.962500000000     124401          26.67
    300.0000 0.968750000000     124401          32.00
    301.0000 0.971875000000     125491          35.56
    301.0000 0.975000000000     125491          40.00
    301.0000 0.978125000000     125491          45.71
    302.0000 0.981250000000     126155          53.33
    303.0000 0.984375000000     126535          64.00
    303.0000 0.985937500000     126535          71.11
    304.0000 0.987500000000     126840          80.00
    304.0000 0.989062500000     126840          91.43
    305.0000 0.990625000000     127043         106.67
    307.0000 0.992187500000     127314         128.00
    307.0000 0.992968750000     127314         142.22
    308.0000 0.993750000000     127449         160.00
    309.0000 0.994531250000     127542         182.86
    310.0000 0.995312500000     127634         213.33
    312.0000 0.996093750000     127751         256.00
    313.0000 0.996484375000     127798         284.44
    314.0000 0.996875000000     127837         320.00
    315.0000 0.997265625000     127880         365.71
    316.0000 0.997656250000     127928         426.67
    318.0000 0.998046875000     127998         512.00
    318.0000 0.998242187500     127998         568.89
    319.0000 0.998437500000     128026         640.00
    320.0000 0.998632812500     128050         731.43
    321.0000 0.998828125000     128081         853.33
    322.0000 0.999023437500     128105        1024.00
    322.0000 0.999121093750     128105        1137.78
    323.0000 0.999218750000     128121        1280.00
    324.0000 0.999316406250     128128        1462.86
    326.0000 0.999414062500     128143        1706.67
    328.0000 0.999511718750     128160        2048.00
    328.0000 0.999560546875     128160        2275.56
    329.0000 0.999609375000     128165        2560.00
    332.0000 0.999658203125     128172        2925.71
    334.0000 0.999707031250     128180        3413.33
    336.0000 0.999755859375     128184        4096.00
    337.0000 0.999780273438     128189        4551.11
    338.0000 0.999804687500     128193        5120.00
    339.0000 0.999829101563     128196        5851.43
    340.0000 0.999853515625     128197        6826.67
    342.0000 0.999877929688     128204        8192.00
    342.0000 0.999890136719     128204        9102.22
    342.0000 0.999902343750     128204       10240.00
    345.0000 0.999914550781     128207       11702.86
    345.0000 0.999926757813     128207       13653.33
    346.0000 0.999938964844     128209       16384.00
    346.0000 0.999945068359     128209       18204.44
    346.0000 0.999951171875     128209       20480.00
    347.0000 0.999957275391     128210       23405.71
    348.0000 0.999963378906     128211       27306.67
    349.0000 0.999969482422     128213       32768.00
    349.0000 0.999972534180     128213       36408.89
    349.0000 0.999975585938     128213       40960.00
    349.0000 0.999978637695     128213       46811.43
    349.0000 0.999981689453     128213       54613.33
    350.0000 0.999984741211     128214       65536.00
    350.0000 0.999986267090     128214       72817.78
    350.0000 0.999987792969     128214       81920.00
    350.0000 0.999989318848     128214       93622.86
    350.0000 0.999990844727     128214      109226.67
    364.0000 0.999992370605     128215      131072.00
    364.0000 1.000000000000     128215
#[Mean    =     292.2397, StdDeviation   =       5.3510]
#[Max     =     364.0000, Total count    =       128215]
#[Buckets =            2, SubBuckets     =        32768]
== shared receive latency ==
mean                     292
min                      240
50.00%                   294
90.00%                   298
99.00%                   305
99.90%                   322
99.99%                   342
99.999%                  350
99.9999%                 364
max                      364
count                 128215



[shared-socket-sender] blocked 4994 times for 3ms
[shared-socket-receiver] blocked 80082 times for 19ms
60.306: Total time for which application threads were stopped: 0.0001283 seconds, Stopping threads took: 0.0000794 seconds
       Value     Percentile TotalCount 1/(1-Percentile)

    249.0000 0.000000000000          1           1.00
    286.0000 0.100000000000      18074           1.11
    287.0000 0.200000000000      32222           1.25
    288.0000 0.300000000000      39063           1.43
    293.0000 0.400000000000      52167           1.67
    294.0000 0.500000000000      66131           2.00
    295.0000 0.550000000000      90175           2.22
    295.0000 0.600000000000      90175           2.50
    295.0000 0.650000000000      90175           2.86
    295.0000 0.700000000000      90175           3.33
    296.0000 0.750000000000     105047           4.00
    296.0000 0.775000000000     105047           4.44
    296.0000 0.800000000000     105047           5.00
    297.0000 0.825000000000     114043           5.71
    297.0000 0.850000000000     114043           6.67
    297.0000 0.875000000000     114043           8.00
    297.0000 0.887500000000     114043           8.89
    298.0000 0.900000000000     119172          10.00
    298.0000 0.912500000000     119172          11.43
    298.0000 0.925000000000     119172          13.33
    299.0000 0.937500000000     122435          16.00
    299.0000 0.943750000000     122435          17.78
    299.0000 0.950000000000     122435          20.00
    300.0000 0.956250000000     124183          22.86
    300.0000 0.962500000000     124183          26.67
    300.0000 0.968750000000     124183          32.00
    301.0000 0.971875000000     125543          35.56
    301.0000 0.975000000000     125543          40.00
    301.0000 0.978125000000     125543          45.71
    302.0000 0.981250000000     126303          53.33
    302.0000 0.984375000000     126303          64.00
    303.0000 0.985937500000     126704          71.11
    303.0000 0.987500000000     126704          80.00
    304.0000 0.989062500000     126914          91.43
    304.0000 0.990625000000     126914         106.67
    306.0000 0.992187500000     127218         128.00
    306.0000 0.992968750000     127218         142.22
    308.0000 0.993750000000     127370         160.00
    309.0000 0.994531250000     127446         182.86
    310.0000 0.995312500000     127523         213.33
    312.0000 0.996093750000     127645         256.00
    313.0000 0.996484375000     127688         284.44
    314.0000 0.996875000000     127732         320.00
    315.0000 0.997265625000     127765         365.71
    317.0000 0.997656250000     127839         426.67
    318.0000 0.998046875000     127868         512.00
    319.0000 0.998242187500     127894         568.89
    320.0000 0.998437500000     127919         640.00
    321.0000 0.998632812500     127945         731.43
    323.0000 0.998828125000     127972         853.33
    324.0000 0.999023437500     127983        1024.00
    326.0000 0.999121093750     127998        1137.78
    327.0000 0.999218750000     128010        1280.00
    329.0000 0.999316406250     128021        1462.86
    331.0000 0.999414062500     128034        1706.67
    333.0000 0.999511718750     128046        2048.00
    335.0000 0.999560546875     128060        2275.56
    335.0000 0.999609375000     128060        2560.00
    336.0000 0.999658203125     128070        2925.71
    337.0000 0.999707031250     128079        3413.33
    337.0000 0.999755859375     128079        4096.00
    338.0000 0.999780273438     128084        4551.11
    338.0000 0.999804687500     128084        5120.00
    339.0000 0.999829101563     128087        5851.43
    341.0000 0.999853515625     128093        6826.67
    341.0000 0.999877929688     128093        8192.00
    342.0000 0.999890136719     128095        9102.22
    343.0000 0.999902343750     128099       10240.00
    343.0000 0.999914550781     128099       11702.86
    343.0000 0.999926757813     128099       13653.33
    344.0000 0.999938964844     128102       16384.00
    344.0000 0.999945068359     128102       18204.44
    344.0000 0.999951171875     128102       20480.00
    345.0000 0.999957275391     128105       23405.71
    345.0000 0.999963378906     128105       27306.67
    345.0000 0.999969482422     128105       32768.00
    345.0000 0.999972534180     128105       36408.89
    345.0000 0.999975585938     128105       40960.00
    346.0000 0.999978637695     128106       46811.43
    346.0000 0.999981689453     128106       54613.33
    347.0000 0.999984741211     128107       65536.00
    347.0000 0.999986267090     128107       72817.78
    347.0000 0.999987792969     128107       81920.00
    347.0000 0.999989318848     128107       93622.86
    347.0000 0.999990844727     128107      109226.67
    352.0000 0.999992370605     128108      131072.00
    352.0000 1.000000000000     128108
#[Mean    =     292.5572, StdDeviation   =       5.3541]
#[Max     =     352.0000, Total count    =       128108]
#[Buckets =            2, SubBuckets     =        32768]
== shared receive latency ==
mean                     292
min                      249
50.00%                   294
90.00%                   298
99.00%                   304
99.90%                   324
99.99%                   342
99.999%                  347
99.9999%                 352
max                      352
count                 128108


[shared-socket-sender] blocked 1347 times for 0ms
[shared-socket-receiver] blocked 74180 times for 18ms
       Value     Percentile TotalCount 1/(1-Percentile)

     14.0000 0.000000000000       2443           1.00
     15.0000 0.100000000000      25971           1.11
     16.0000 0.200000000000      36020           1.25
     17.0000 0.300000000000      58584           1.43
     17.0000 0.400000000000      58584           1.67
     18.0000 0.500000000000      76455           2.00
     18.0000 0.550000000000      76455           2.22
     19.0000 0.600000000000      98588           2.50
     19.0000 0.650000000000      98588           2.86
     19.0000 0.700000000000      98588           3.33
     19.0000 0.750000000000      98588           4.00
     20.0000 0.775000000000     114440           4.44
     20.0000 0.800000000000     114440           5.00
     20.0000 0.825000000000     114440           5.71
     20.0000 0.850000000000     114440           6.67
     20.0000 0.875000000000     114440           8.00
     21.0000 0.887500000000     119246           8.89
     21.0000 0.900000000000     119246          10.00
     21.0000 0.912500000000     119246          11.43
     22.0000 0.925000000000     123279          13.33
     22.0000 0.937500000000     123279          16.00
     22.0000 0.943750000000     123279          17.78
     23.0000 0.950000000000     126901          20.00
     23.0000 0.956250000000     126901          22.86
     23.0000 0.962500000000     126901          26.67
     23.0000 0.968750000000     126901          32.00
     23.0000 0.971875000000     126901          35.56
     24.0000 0.975000000000     128419          40.00
     24.0000 0.978125000000     128419          45.71
     24.0000 0.981250000000     128419          53.33
     24.0000 0.984375000000     128419          64.00
     25.0000 0.985937500000     129144          71.11
     25.0000 0.987500000000     129144          80.00
     25.0000 0.989062500000     129144          91.43
     26.0000 0.990625000000     129551         106.67
     26.0000 0.992187500000     129551         128.00
     26.0000 0.992968750000     129551         142.22
     27.0000 0.993750000000     129790         160.00
     27.0000 0.994531250000     129790         182.86
     27.0000 0.995312500000     129790         213.33
     28.0000 0.996093750000     129942         256.00
     28.0000 0.996484375000     129942         284.44
     29.0000 0.996875000000     130055         320.00
     29.0000 0.997265625000     130055         365.71
     30.0000 0.997656250000     130130         426.67
     30.0000 0.998046875000     130130         512.00
     31.0000 0.998242187500     130195         568.89
     31.0000 0.998437500000     130195         640.00
     32.0000 0.998632812500     130239         731.43
     32.0000 0.998828125000     130239         853.33
     33.0000 0.999023437500     130273        1024.00
     33.0000 0.999121093750     130273        1137.78
     34.0000 0.999218750000     130294        1280.00
     34.0000 0.999316406250     130294        1462.86
     36.0000 0.999414062500     130318        1706.67
     37.0000 0.999511718750     130335        2048.00
     37.0000 0.999560546875     130335        2275.56
     37.0000 0.999609375000     130335        2560.00
     38.0000 0.999658203125     130345        2925.71
     38.0000 0.999707031250     130345        3413.33
     40.0000 0.999755859375     130357        4096.00
     40.0000 0.999780273438     130357        4551.11
     41.0000 0.999804687500     130366        5120.00
     41.0000 0.999829101563     130366        5851.43
     41.0000 0.999853515625     130366        6826.67
     42.0000 0.999877929688     130370        8192.00
     42.0000 0.999890136719     130370        9102.22
     43.0000 0.999902343750     130373       10240.00
     43.0000 0.999914550781     130373       11702.86
     44.0000 0.999926757813     130378       13653.33
     44.0000 0.999938964844     130378       16384.00
     44.0000 0.999945068359     130378       18204.44
     44.0000 0.999951171875     130378       20480.00
     44.0000 0.999957275391     130378       23405.71
     45.0000 0.999963378906     130379       27306.67
     46.0000 0.999969482422     130380       32768.00
     46.0000 0.999972534180     130380       36408.89
     46.0000 0.999975585938     130380       40960.00
     48.0000 0.999978637695     130381       46811.43
     48.0000 0.999981689453     130381       54613.33
     51.0000 0.999984741211     130383       65536.00
     51.0000 1.000000000000     130383
#[Mean    =      18.0530, StdDeviation   =       2.5460]
#[Max     =      51.0000, Total count    =       130383]
#[Buckets =            2, SubBuckets     =        32768]
== shared receive latency ==
mean                      18
min                       14
50.00%                    18
90.00%                    21
99.00%                    25
99.90%                    33
99.99%                    42
99.999%                   51
99.9999%                  51
max                       51
count                 130383



[shared-socket-sender] blocked 11321 times for 8ms
[shared-socket-receiver] blocked 75283 times for 18ms
60.280: Total time for which application threads were stopped: 0.0001328 seconds, Stopping threads took: 0.0000881 seconds
       Value     Percentile TotalCount 1/(1-Percentile)

    245.0000 0.000000000000          1           1.00
    286.0000 0.100000000000      17163           1.11
    287.0000 0.200000000000      30034           1.25
    289.0000 0.300000000000      41760           1.43
    293.0000 0.400000000000      55006           1.67
    294.0000 0.500000000000      69644           2.00
    295.0000 0.550000000000      92656           2.22
    295.0000 0.600000000000      92656           2.50
    295.0000 0.650000000000      92656           2.86
    295.0000 0.700000000000      92656           3.33
    296.0000 0.750000000000     106426           4.00
    296.0000 0.775000000000     106426           4.44
    296.0000 0.800000000000     106426           5.00
    296.0000 0.825000000000     106426           5.71
    297.0000 0.850000000000     114770           6.67
    297.0000 0.875000000000     114770           8.00
    297.0000 0.887500000000     114770           8.89
    298.0000 0.900000000000     119542          10.00
    298.0000 0.912500000000     119542          11.43
    298.0000 0.925000000000     119542          13.33
    299.0000 0.937500000000     122437          16.00
    299.0000 0.943750000000     122437          17.78
    299.0000 0.950000000000     122437          20.00
    300.0000 0.956250000000     124289          22.86
    300.0000 0.962500000000     124289          26.67
    300.0000 0.968750000000     124289          32.00
    301.0000 0.971875000000     125606          35.56
    301.0000 0.975000000000     125606          40.00
    301.0000 0.978125000000     125606          45.71
    302.0000 0.981250000000     126300          53.33
    302.0000 0.984375000000     126300          64.00
    302.0000 0.985937500000     126300          71.11
    303.0000 0.987500000000     126639          80.00
    304.0000 0.989062500000     126923          91.43
    304.0000 0.990625000000     126923         106.67
    305.0000 0.992187500000     127091         128.00
    306.0000 0.992968750000     127207         142.22
    307.0000 0.993750000000     127293         160.00
    309.0000 0.994531250000     127441         182.86
    310.0000 0.995312500000     127496         213.33
    312.0000 0.996093750000     127607         256.00
    313.0000 0.996484375000     127664         284.44
    314.0000 0.996875000000     127724         320.00
    315.0000 0.997265625000     127758         365.71
    316.0000 0.997656250000     127804         426.67
    318.0000 0.998046875000     127862         512.00
    318.0000 0.998242187500     127862         568.89
    319.0000 0.998437500000     127888         640.00
    320.0000 0.998632812500     127919         731.43
    321.0000 0.998828125000     127945         853.33
    322.0000 0.999023437500     127962        1024.00
    323.0000 0.999121093750     127984        1137.78
    324.0000 0.999218750000     128000        1280.00
    324.0000 0.999316406250     128000        1462.86
    325.0000 0.999414062500     128014        1706.67
    327.0000 0.999511718750     128033        2048.00
    327.0000 0.999560546875     128033        2275.56
    329.0000 0.999609375000     128037        2560.00
    331.0000 0.999658203125     128046        2925.71
    333.0000 0.999707031250     128051        3413.33
    334.0000 0.999755859375     128056        4096.00
    335.0000 0.999780273438     128059        4551.11
    336.0000 0.999804687500     128066        5120.00
    336.0000 0.999829101563     128066        5851.43
    337.0000 0.999853515625     128072        6826.67
    337.0000 0.999877929688     128072        8192.00
    338.0000 0.999890136719     128073        9102.22
    339.0000 0.999902343750     128077       10240.00
    339.0000 0.999914550781     128077       11702.86
    340.0000 0.999926757813     128080       13653.33
    340.0000 0.999938964844     128080       16384.00
    340.0000 0.999945068359     128080       18204.44
    341.0000 0.999951171875     128082       20480.00
    341.0000 0.999957275391     128082       23405.71
    342.0000 0.999963378906     128087       27306.67
    342.0000 1.000000000000     128087
#[Mean    =     292.5320, StdDeviation   =       5.2043]
#[Max     =     342.0000, Total count    =       128087]
#[Buckets =            2, SubBuckets     =        32768]
== shared receive latency ==
mean                     292
min                      245
50.00%                   294
90.00%                   298
99.00%                   304
99.90%                   322
99.99%                   339
99.999%                  342
99.9999%                 342
max                      342
count                 128087




[shared-socket-sender] blocked 3877 times for 5ms
[shared-socket-receiver] blocked 93208 times for 23ms
60.354: Total time for which application threads were stopped: 0.0001140 seconds, Stopping threads took: 0.0000694 seconds
       Value     Percentile TotalCount 1/(1-Percentile)

    256.0000 0.000000000000          1           1.00
    285.0000 0.100000000000      13462           1.11
    287.0000 0.200000000000      33822           1.25
    288.0000 0.300000000000      39986           1.43
    293.0000 0.400000000000      57454           1.67
    294.0000 0.500000000000      75431           2.00
    294.0000 0.550000000000      75431           2.22
    295.0000 0.600000000000      95518           2.50
    295.0000 0.650000000000      95518           2.86
    295.0000 0.700000000000      95518           3.33
    296.0000 0.750000000000     106761           4.00
    296.0000 0.775000000000     106761           4.44
    296.0000 0.800000000000     106761           5.00
    296.0000 0.825000000000     106761           5.71
    297.0000 0.850000000000     112911           6.67
    297.0000 0.875000000000     112911           8.00
    298.0000 0.887500000000     116602           8.89
    298.0000 0.900000000000     116602          10.00
    299.0000 0.912500000000     118984          11.43
    299.0000 0.925000000000     118984          13.33
    300.0000 0.937500000000     120654          16.00
    301.0000 0.943750000000     122072          17.78
    301.0000 0.950000000000     122072          20.00
    302.0000 0.956250000000     122965          22.86
    303.0000 0.962500000000     123611          26.67
    304.0000 0.968750000000     124099          32.00
    305.0000 0.971875000000     124558          35.56
    306.0000 0.975000000000     124946          40.00
    307.0000 0.978125000000     125292          45.71
    309.0000 0.981250000000     125817          53.33
    311.0000 0.984375000000     126265          64.00
    312.0000 0.985937500000     126470          71.11
    313.0000 0.987500000000     126652          80.00
    314.0000 0.989062500000     126801          91.43
    315.0000 0.990625000000     126942         106.67
    316.0000 0.992187500000     127087         128.00
    317.0000 0.992968750000     127216         142.22
    318.0000 0.993750000000     127320         160.00
    319.0000 0.994531250000     127430         182.86
    320.0000 0.995312500000     127556         213.33
    321.0000 0.996093750000     127674         256.00
    321.0000 0.996484375000     127674         284.44
    322.0000 0.996875000000     127791         320.00
    322.0000 0.997265625000     127791         365.71
    322.0000 0.997656250000     127791         426.67
    323.0000 0.998046875000     127874         512.00
    323.0000 0.998242187500     127874         568.89
    324.0000 0.998437500000     127927         640.00
    324.0000 0.998632812500     127927         731.43
    325.0000 0.998828125000     127970         853.33
    325.0000 0.999023437500     127970        1024.00
    326.0000 0.999121093750     127994        1137.78
    326.0000 0.999218750000     127994        1280.00
    327.0000 0.999316406250     128025        1462.86
    327.0000 0.999414062500     128025        1706.67
    327.0000 0.999511718750     128025        2048.00
    328.0000 0.999560546875     128034        2275.56
    329.0000 0.999609375000     128045        2560.00
    329.0000 0.999658203125     128045        2925.71
    330.0000 0.999707031250     128057        3413.33
    330.0000 0.999755859375     128057        4096.00
    331.0000 0.999780273438     128069        4551.11
    331.0000 0.999804687500     128069        5120.00
    331.0000 0.999829101563     128069        5851.43
    331.0000 0.999853515625     128069        6826.67
    332.0000 0.999877929688     128072        8192.00
    333.0000 0.999890136719     128073        9102.22
    334.0000 0.999902343750     128077       10240.00
    334.0000 0.999914550781     128077       11702.86
    335.0000 0.999926757813     128082       13653.33
    335.0000 0.999938964844     128082       16384.00
    335.0000 0.999945068359     128082       18204.44
    335.0000 0.999951171875     128082       20480.00
    335.0000 0.999957275391     128082       23405.71
    338.0000 0.999963378906     128085       27306.67
    338.0000 0.999969482422     128085       32768.00
    338.0000 0.999972534180     128085       36408.89
    338.0000 0.999975585938     128085       40960.00
    338.0000 0.999978637695     128085       46811.43
    338.0000 0.999981689453     128085       54613.33
    339.0000 0.999984741211     128086       65536.00
    339.0000 0.999986267090     128086       72817.78
    339.0000 0.999987792969     128086       81920.00
    339.0000 0.999989318848     128086       93622.86
    339.0000 0.999990844727     128086      109226.67
    345.0000 0.999992370605     128087      131072.00
    345.0000 1.000000000000     128087
#[Mean    =     292.6425, StdDeviation   =       6.1072]
#[Max     =     345.0000, Total count    =       128087]
#[Buckets =            2, SubBuckets     =        32768]
== shared receive latency ==
mean                     292
min                      256
50.00%                   294
90.00%                   298
99.00%                   315
99.90%                   325
99.99%                   334
99.999%                  339
99.9999%                 345
max                      345
count                 128087



[shared-socket-sender] blocked 2962 times for 1ms
[shared-socket-receiver] blocked 85445 times for 20ms
       Value     Percentile TotalCount 1/(1-Percentile)

     14.0000 0.000000000000       2047           1.00
     15.0000 0.100000000000      23910           1.11
     16.0000 0.200000000000      35100           1.25
     17.0000 0.300000000000      54089           1.43
     17.0000 0.400000000000      54089           1.67
     18.0000 0.500000000000      73493           2.00
     18.0000 0.550000000000      73493           2.22
     19.0000 0.600000000000      96477           2.50
     19.0000 0.650000000000      96477           2.86
     19.0000 0.700000000000      96477           3.33
     20.0000 0.750000000000     115032           4.00
     20.0000 0.775000000000     115032           4.44
     20.0000 0.800000000000     115032           5.00
     20.0000 0.825000000000     115032           5.71
     20.0000 0.850000000000     115032           6.67
     20.0000 0.875000000000     115032           8.00
     21.0000 0.887500000000     121558           8.89
     21.0000 0.900000000000     121558          10.00
     21.0000 0.912500000000     121558          11.43
     21.0000 0.925000000000     121558          13.33
     22.0000 0.937500000000     124701          16.00
     22.0000 0.943750000000     124701          17.78
     22.0000 0.950000000000     124701          20.00
     22.0000 0.956250000000     124701          22.86
     23.0000 0.962500000000     127552          26.67
     23.0000 0.968750000000     127552          32.00
     23.0000 0.971875000000     127552          35.56
     23.0000 0.975000000000     127552          40.00
     23.0000 0.978125000000     127552          45.71
     24.0000 0.981250000000     128876          53.33
     24.0000 0.984375000000     128876          64.00
     24.0000 0.985937500000     128876          71.11
     24.0000 0.987500000000     128876          80.00
     25.0000 0.989062500000     129510          91.43
     25.0000 0.990625000000     129510         106.67
     25.0000 0.992187500000     129510         128.00
     25.0000 0.992968750000     129510         142.22
     26.0000 0.993750000000     129861         160.00
     26.0000 0.994531250000     129861         182.86
     26.0000 0.995312500000     129861         213.33
     26.0000 0.996093750000     129861         256.00
     27.0000 0.996484375000     130028         284.44
     27.0000 0.996875000000     130028         320.00
     27.0000 0.997265625000     130028         365.71
     28.0000 0.997656250000     130136         426.67
     28.0000 0.998046875000     130136         512.00
     28.0000 0.998242187500     130136         568.89
     29.0000 0.998437500000     130227         640.00
     29.0000 0.998632812500     130227         731.43
     29.0000 0.998828125000     130227         853.33
     30.0000 0.999023437500     130274        1024.00
     30.0000 0.999121093750     130274        1137.78
     30.0000 0.999218750000     130274        1280.00
     30.0000 0.999316406250     130274        1462.86
     31.0000 0.999414062500     130311        1706.67
     31.0000 0.999511718750     130311        2048.00
     31.0000 0.999560546875     130311        2275.56
     31.0000 0.999609375000     130311        2560.00
     32.0000 0.999658203125     130324        2925.71
     32.0000 0.999707031250     130324        3413.33
     33.0000 0.999755859375     130335        4096.00
     33.0000 0.999780273438     130335        4551.11
     34.0000 0.999804687500     130343        5120.00
     34.0000 0.999829101563     130343        5851.43
     34.0000 0.999853515625     130343        6826.67
     35.0000 0.999877929688     130349        8192.00
     35.0000 0.999890136719     130349        9102.22
     35.0000 0.999902343750     130349       10240.00
     36.0000 0.999914550781     130352       11702.86
     36.0000 0.999926757813     130352       13653.33
     37.0000 0.999938964844     130357       16384.00
     37.0000 0.999945068359     130357       18204.44
     37.0000 0.999951171875     130357       20480.00
     37.0000 0.999957275391     130357       23405.71
     37.0000 0.999963378906     130357       27306.67
     38.0000 0.999969482422     130359       32768.00
     38.0000 0.999972534180     130359       36408.89
     38.0000 0.999975585938     130359       40960.00
     38.0000 0.999978637695     130359       46811.43
     38.0000 0.999981689453     130359       54613.33
     40.0000 0.999984741211     130360       65536.00
     40.0000 0.999986267090     130360       72817.78
     40.0000 0.999987792969     130360       81920.00
     40.0000 0.999989318848     130360       93622.86
     40.0000 0.999990844727     130360      109226.67
     43.0000 0.999992370605     130361      131072.00
     43.0000 1.000000000000     130361
#[Mean    =      18.0919, StdDeviation   =       2.3708]
#[Max     =      43.0000, Total count    =       130361]
#[Buckets =            2, SubBuckets     =        32768]
== shared receive latency ==
mean                      18
min                       14
50.00%                    18
90.00%                    21
99.00%                    25
99.90%                    30
99.99%                    35
99.999%                   40
99.9999%                  43
max                       43
count                 130361



[shared-socket-sender] blocked 2623 times for 1ms
[shared-socket-receiver] blocked 66790 times for 16ms
       Value     Percentile TotalCount 1/(1-Percentile)

    275.0000 0.000000000000          4           1.00
    286.0000 0.100000000000      22167           1.11
    287.0000 0.200000000000      34223           1.25
    288.0000 0.300000000000      39053           1.43
    293.0000 0.400000000000      56301           1.67
    294.0000 0.500000000000      74493           2.00
    294.0000 0.550000000000      74493           2.22
    295.0000 0.600000000000      95080           2.50
    295.0000 0.650000000000      95080           2.86
    295.0000 0.700000000000      95080           3.33
    296.0000 0.750000000000     107055           4.00
    296.0000 0.775000000000     107055           4.44
    296.0000 0.800000000000     107055           5.00
    296.0000 0.825000000000     107055           5.71
    297.0000 0.850000000000     113946           6.67
    297.0000 0.875000000000     113946           8.00
    297.0000 0.887500000000     113946           8.89
    298.0000 0.900000000000     119002          10.00
    298.0000 0.912500000000     119002          11.43
    298.0000 0.925000000000     119002          13.33
    299.0000 0.937500000000     121911          16.00
    299.0000 0.943750000000     121911          17.78
    299.0000 0.950000000000     121911          20.00
    300.0000 0.956250000000     123777          22.86
    300.0000 0.962500000000     123777          26.67
    301.0000 0.968750000000     124912          32.00
    301.0000 0.971875000000     124912          35.56
    302.0000 0.975000000000     125567          40.00
    302.0000 0.978125000000     125567          45.71
    303.0000 0.981250000000     125996          53.33
    304.0000 0.984375000000     126350          64.00
    304.0000 0.985937500000     126350          71.11
    305.0000 0.987500000000     126590          80.00
    306.0000 0.989062500000     126777          91.43
    308.0000 0.990625000000     127076         106.67
    309.0000 0.992187500000     127187         128.00
    310.0000 0.992968750000     127316         142.22
    311.0000 0.993750000000     127420         160.00
    312.0000 0.994531250000     127502         182.86
    313.0000 0.995312500000     127561         213.33
    315.0000 0.996093750000     127672         256.00
    316.0000 0.996484375000     127732         284.44
    317.0000 0.996875000000     127782         320.00
    318.0000 0.997265625000     127833         365.71
    319.0000 0.997656250000     127885         426.67
    320.0000 0.998046875000     127933         512.00
    320.0000 0.998242187500     127933         568.89
    321.0000 0.998437500000     127970         640.00
    321.0000 0.998632812500     127970         731.43
    322.0000 0.998828125000     128010         853.33
    323.0000 0.999023437500     128050        1024.00
    323.0000 0.999121093750     128050        1137.78
    323.0000 0.999218750000     128050        1280.00
    324.0000 0.999316406250     128079        1462.86
    324.0000 0.999414062500     128079        1706.67
    325.0000 0.999511718750     128092        2048.00
    325.0000 0.999560546875     128092        2275.56
    326.0000 0.999609375000     128102        2560.00
    326.0000 0.999658203125     128102        2925.71
    327.0000 0.999707031250     128109        3413.33
    329.0000 0.999755859375     128120        4096.00
    329.0000 0.999780273438     128120        4551.11
    329.0000 0.999804687500     128120        5120.00
    330.0000 0.999829101563     128126        5851.43
    330.0000 0.999853515625     128126        6826.67
    331.0000 0.999877929688     128130        8192.00
    331.0000 0.999890136719     128130        9102.22
    332.0000 0.999902343750     128132       10240.00
    334.0000 0.999914550781     128135       11702.86
    334.0000 0.999926757813     128135       13653.33
    335.0000 0.999938964844     128137       16384.00
    335.0000 0.999945068359     128137       18204.44
    336.0000 0.999951171875     128138       20480.00
    338.0000 0.999957275391     128139       23405.71
    342.0000 0.999963378906     128140       27306.67
    354.0000 0.999969482422     128142       32768.00
    354.0000 0.999972534180     128142       36408.89
    354.0000 0.999975585938     128142       40960.00
    354.0000 0.999978637695     128142       46811.43
    354.0000 0.999981689453     128142       54613.33
    512.0000 0.999984741211     128143       65536.00
    512.0000 0.999986267090     128143       72817.78
    512.0000 0.999987792969     128143       81920.00
    512.0000 0.999989318848     128143       93622.86
    512.0000 0.999990844727     128143      109226.67
    525.0000 0.999992370605     128144      131072.00
    525.0000 1.000000000000     128144
#[Mean    =     292.4017, StdDeviation   =       5.5088]
#[Max     =     525.0000, Total count    =       128144]
#[Buckets =            2, SubBuckets     =        32768]
== shared receive latency ==
mean                     292
min                      275
50.00%                   294
90.00%                   298
99.00%                   307
99.90%                   323
99.99%                   332
99.999%                  512
99.9999%                 525
max                      525
count                 128144


[shared-socket-sender] blocked 5636 times for 3ms
[shared-socket-receiver] blocked 97715 times for 23ms
60.314: Total time for which application threads were stopped: 0.0000592 seconds, Stopping threads took: 0.0000192 seconds
       Value     Percentile TotalCount 1/(1-Percentile)

     14.0000 0.000000000000        953           1.00
     15.0000 0.100000000000      21538           1.11
     16.0000 0.200000000000      33490           1.25
     17.0000 0.300000000000      52419           1.43
     17.0000 0.400000000000      52419           1.67
     18.0000 0.500000000000      71886           2.00
     18.0000 0.550000000000      71886           2.22
     19.0000 0.600000000000      95770           2.50
     19.0000 0.650000000000      95770           2.86
     19.0000 0.700000000000      95770           3.33
     20.0000 0.750000000000     114745           4.00
     20.0000 0.775000000000     114745           4.44
     20.0000 0.800000000000     114745           5.00
     20.0000 0.825000000000     114745           5.71
     20.0000 0.850000000000     114745           6.67
     20.0000 0.875000000000     114745           8.00
     21.0000 0.887500000000     121278           8.89
     21.0000 0.900000000000     121278          10.00
     21.0000 0.912500000000     121278          11.43
     21.0000 0.925000000000     121278          13.33
     22.0000 0.937500000000     124569          16.00
     22.0000 0.943750000000     124569          17.78
     22.0000 0.950000000000     124569          20.00
     23.0000 0.956250000000     127325          22.86
     23.0000 0.962500000000     127325          26.67
     23.0000 0.968750000000     127325          32.00
     23.0000 0.971875000000     127325          35.56
     23.0000 0.975000000000     127325          40.00
     24.0000 0.978125000000     128597          45.71
     24.0000 0.981250000000     128597          53.33
     24.0000 0.984375000000     128597          64.00
     24.0000 0.985937500000     128597          71.11
     25.0000 0.987500000000     129339          80.00
     25.0000 0.989062500000     129339          91.43
     25.0000 0.990625000000     129339         106.67
     26.0000 0.992187500000     129688         128.00
     26.0000 0.992968750000     129688         142.22
     26.0000 0.993750000000     129688         160.00
     26.0000 0.994531250000     129688         182.86
     27.0000 0.995312500000     129882         213.33
     27.0000 0.996093750000     129882         256.00
     28.0000 0.996484375000     130022         284.44
     28.0000 0.996875000000     130022         320.00
     28.0000 0.997265625000     130022         365.71
     29.0000 0.997656250000     130107         426.67
     30.0000 0.998046875000     130166         512.00
     30.0000 0.998242187500     130166         568.89
     31.0000 0.998437500000     130212         640.00
     31.0000 0.998632812500     130212         731.43
     32.0000 0.998828125000     130249         853.33
     32.0000 0.999023437500     130249        1024.00
     33.0000 0.999121093750     130280        1137.78
     33.0000 0.999218750000     130280        1280.00
     34.0000 0.999316406250     130299        1462.86
     34.0000 0.999414062500     130299        1706.67
     35.0000 0.999511718750     130314        2048.00
     35.0000 0.999560546875     130314        2275.56
     36.0000 0.999609375000     130325        2560.00
     37.0000 0.999658203125     130337        2925.71
     37.0000 0.999707031250     130337        3413.33
     38.0000 0.999755859375     130342        4096.00
     38.0000 0.999780273438     130342        4551.11
     39.0000 0.999804687500     130349        5120.00
     39.0000 0.999829101563     130349        5851.43
     40.0000 0.999853515625     130353        6826.67
     41.0000 0.999877929688     130356        8192.00
     41.0000 0.999890136719     130356        9102.22
     42.0000 0.999902343750     130359       10240.00
     42.0000 0.999914550781     130359       11702.86
     43.0000 0.999926757813     130364       13653.33
     43.0000 0.999938964844     130364       16384.00
     43.0000 0.999945068359     130364       18204.44
     43.0000 0.999951171875     130364       20480.00
     45.0000 0.999957275391     130366       23405.71
     45.0000 0.999963378906     130366       27306.67
     46.0000 0.999969482422     130368       32768.00
     46.0000 0.999972534180     130368       36408.89
     46.0000 0.999975585938     130368       40960.00
     46.0000 0.999978637695     130368       46811.43
     46.0000 0.999981689453     130368       54613.33
     48.0000 0.999984741211     130369       65536.00
     48.0000 0.999986267090     130369       72817.78
     48.0000 0.999987792969     130369       81920.00
     48.0000 0.999989318848     130369       93622.86
     48.0000 0.999990844727     130369      109226.67
     64.0000 0.999992370605     130370      131072.00
     64.0000 1.000000000000     130370
#[Mean    =      18.1821, StdDeviation   =       2.4059]
#[Max     =      64.0000, Total count    =       130370]
#[Buckets =            2, SubBuckets     =        32768]
== shared receive latency ==
mean                      18
min                       14
50.00%                    18
90.00%                    21
99.00%                    25
99.90%                    32
99.99%                    42
99.999%                   48
99.9999%                  64
max                       64
count                 130370


[shared-socket-sender] blocked 1724 times for 1ms
[shared-socket-receiver] blocked 60062 times for 15ms
       Value     Percentile TotalCount 1/(1-Percentile)

     14.0000 0.000000000000        285           1.00
     15.0000 0.100000000000      20602           1.11
     16.0000 0.200000000000      34711           1.25
     17.0000 0.300000000000      51393           1.43
     18.0000 0.400000000000      70813           1.67
     18.0000 0.500000000000      70813           2.00
     19.0000 0.550000000000      91145           2.22
     19.0000 0.600000000000      91145           2.50
     19.0000 0.650000000000      91145           2.86
     20.0000 0.700000000000     114052           3.33
     20.0000 0.750000000000     114052           4.00
     20.0000 0.775000000000     114052           4.44
     20.0000 0.800000000000     114052           5.00
     20.0000 0.825000000000     114052           5.71
     20.0000 0.850000000000     114052           6.67
     20.0000 0.875000000000     114052           8.00
     21.0000 0.887500000000     121943           8.89
     21.0000 0.900000000000     121943          10.00
     21.0000 0.912500000000     121943          11.43
     21.0000 0.925000000000     121943          13.33
     22.0000 0.937500000000     124865          16.00
     22.0000 0.943750000000     124865          17.78
     22.0000 0.950000000000     124865          20.00
     22.0000 0.956250000000     124865          22.86
     23.0000 0.962500000000     127093          26.67
     23.0000 0.968750000000     127093          32.00
     23.0000 0.971875000000     127093          35.56
     23.0000 0.975000000000     127093          40.00
     24.0000 0.978125000000     128265          45.71
     24.0000 0.981250000000     128265          53.33
     25.0000 0.984375000000     128982          64.00
     25.0000 0.985937500000     128982          71.11
     25.0000 0.987500000000     128982          80.00
     25.0000 0.989062500000     128982          91.43
     26.0000 0.990625000000     129358         106.67
     26.0000 0.992187500000     129358         128.00
     27.0000 0.992968750000     129626         142.22
     27.0000 0.993750000000     129626         160.00
     28.0000 0.994531250000     129806         182.86
     28.0000 0.995312500000     129806         213.33
     29.0000 0.996093750000     129954         256.00
     29.0000 0.996484375000     129954         284.44
     29.0000 0.996875000000     129954         320.00
     30.0000 0.997265625000     130039         365.71
     30.0000 0.997656250000     130039         426.67
     31.0000 0.998046875000     130118         512.00
     31.0000 0.998242187500     130118         568.89
     32.0000 0.998437500000     130156         640.00
     33.0000 0.998632812500     130193         731.43
     33.0000 0.998828125000     130193         853.33
     34.0000 0.999023437500     130220        1024.00
     35.0000 0.999121093750     130240        1137.78
     35.0000 0.999218750000     130240        1280.00
     36.0000 0.999316406250     130262        1462.86
     37.0000 0.999414062500     130277        1706.67
     37.0000 0.999511718750     130277        2048.00
     38.0000 0.999560546875     130285        2275.56
     39.0000 0.999609375000     130297        2560.00
     39.0000 0.999658203125     130297        2925.71
     40.0000 0.999707031250     130313        3413.33
     40.0000 0.999755859375     130313        4096.00
     40.0000 0.999780273438     130313        4551.11
     41.0000 0.999804687500     130320        5120.00
     41.0000 0.999829101563     130320        5851.43
     41.0000 0.999853515625     130320        6826.67
     42.0000 0.999877929688     130327        8192.00
     42.0000 0.999890136719     130327        9102.22
     42.0000 0.999902343750     130327       10240.00
     43.0000 0.999914550781     130331       11702.86
     43.0000 0.999926757813     130331       13653.33
     44.0000 0.999938964844     130333       16384.00
     44.0000 0.999945068359     130333       18204.44
     44.0000 0.999951171875     130333       20480.00
     45.0000 0.999957275391     130335       23405.71
     45.0000 0.999963378906     130335       27306.67
     47.0000 0.999969482422     130336       32768.00
     47.0000 0.999972534180     130336       36408.89
     47.0000 0.999975585938     130336       40960.00
     48.0000 0.999978637695     130338       46811.43
     48.0000 0.999981689453     130338       54613.33
     48.0000 0.999984741211     130338       65536.00
     48.0000 0.999986267090     130338       72817.78
     48.0000 0.999987792969     130338       81920.00
     48.0000 0.999989318848     130338       93622.86
     48.0000 0.999990844727     130338      109226.67
     52.0000 0.999992370605     130339      131072.00
     52.0000 1.000000000000     130339
#[Mean    =      18.2498, StdDeviation   =       2.4721]
#[Max     =      52.0000, Total count    =       130339]
#[Buckets =            2, SubBuckets     =        32768]
== shared receive latency ==
mean                      18
min                       14
50.00%                    18
90.00%                    21
99.00%                    26
99.90%                    34
99.99%                    42
99.999%                   48
99.9999%                  52
max                       52
count                 130339

