[shared-socket-sender] blocked 3564 times for 2ms
[shared-socket-receiver] blocked 34896 times for 8ms
       Value     Percentile TotalCount 1/(1-Percentile)
     14.0000 0.000000000000        458           1.00
     15.0000 0.100000000000      12477           1.11
     16.0000 0.200000000000      22115           1.25
     17.0000 0.300000000000      33733           1.43
     18.0000 0.400000000000      50982           1.67
     18.0000 0.500000000000      50982           2.00
     19.0000 0.550000000000      68780           2.22
     19.0000 0.600000000000      68780           2.50
     19.0000 0.650000000000      68780           2.86
     19.0000 0.700000000000      68780           3.33
     20.0000 0.750000000000      82908           4.00
     20.0000 0.775000000000      82908           4.44
     20.0000 0.800000000000      82908           5.00
     20.0000 0.825000000000      82908           5.71
     20.0000 0.850000000000      82908           6.67
     20.0000 0.875000000000      82908           8.00
     20.0000 0.887500000000      82908           8.89
     21.0000 0.900000000000      87448          10.00
     21.0000 0.912500000000      87448          11.43
     21.0000 0.925000000000      87448          13.33
     21.0000 0.937500000000      87448          16.00
     22.0000 0.943750000000      89345          17.78
     22.0000 0.950000000000      89345          20.00
     22.0000 0.956250000000      89345          22.86
     23.0000 0.962500000000      91163          26.67
     23.0000 0.968750000000      91163          32.00
     23.0000 0.971875000000      91163          35.56
     23.0000 0.975000000000      91163          40.00
     23.0000 0.978125000000      91163          45.71
     24.0000 0.981250000000      92150          53.33
     24.0000 0.984375000000      92150          64.00
     24.0000 0.985937500000      92150          71.11
     24.0000 0.987500000000      92150          80.00
     24.0000 0.989062500000      92150          91.43
     24.0000 0.990625000000      92150         106.67
     25.0000 0.992187500000      92429         128.00
     25.0000 0.992968750000      92429         142.22
     25.0000 0.993750000000      92429         160.00
     26.0000 0.994531250000      92608         182.86
     26.0000 0.995312500000      92608         213.33
     27.0000 0.996093750000      92702         256.00
     27.0000 0.996484375000      92702         284.44
     27.0000 0.996875000000      92702         320.00
     28.0000 0.997265625000      92778         365.71
     28.0000 0.997656250000      92778         426.67
     29.0000 0.998046875000      92833         512.00
     29.0000 0.998242187500      92833         568.89
     29.0000 0.998437500000      92833         640.00
     30.0000 0.998632812500      92873         731.43
     30.0000 0.998828125000      92873         853.33
     31.0000 0.999023437500      92900        1024.00
     31.0000 0.999121093750      92900        1137.78
     32.0000 0.999218750000      92915        1280.00
     32.0000 0.999316406250      92915        1462.86
     33.0000 0.999414062500      92933        1706.67
     33.0000 0.999511718750      92933        2048.00
     34.0000 0.999560546875      92948        2275.56
     34.0000 0.999609375000      92948        2560.00
     34.0000 0.999658203125      92948        2925.71
     35.0000 0.999707031250      92961        3413.33
     35.0000 0.999755859375      92961        4096.00
     35.0000 0.999780273438      92961        4551.11
     35.0000 0.999804687500      92961        5120.00
     35.0000 0.999829101563      92961        5851.43
     36.0000 0.999853515625      92963        6826.67
     37.0000 0.999877929688      92967        8192.00
     37.0000 0.999890136719      92967        9102.22
     37.0000 0.999902343750      92967       10240.00
     39.0000 0.999914550781      92969       11702.86
     40.0000 0.999926757813      92970       13653.33
     41.0000 0.999938964844      92972       16384.00
     41.0000 0.999945068359      92972       18204.44
     41.0000 0.999951171875      92972       20480.00
     44.0000 0.999957275391      92973       23405.71
     44.0000 0.999963378906      92973       27306.67
     45.0000 0.999969482422      92974       32768.00
     45.0000 0.999972534180      92974       36408.89
     45.0000 0.999975585938      92974       40960.00
     49.0000 0.999978637695      92975       46811.43
     49.0000 0.999981689453      92975       54613.33
     49.0000 0.999984741211      92975       65536.00
     49.0000 0.999986267090      92975       72817.78
     49.0000 0.999987792969      92975       81920.00
     57.0000 0.999989318848      92976       93622.86
     57.0000 1.000000000000      92976
#[Mean    =      18.2281, StdDeviation   =       2.2427]
#[Max     =      57.0000, Total count    =        92976]
#[Buckets =            2, SubBuckets     =        32768]
== shared receive latency ==
mean                      18
min                       14
50.00%                    18
90.00%                    21
99.00%                    24
99.90%                    31
99.99%                    37
99.999%                   49
99.9999%                  57
max                       57
count                  92976

[shared-socket-sender] blocked 1122 times for 0ms
[shared-socket-receiver] blocked 42111 times for 13ms
       Value     Percentile TotalCount 1/(1-Percentile)
     14.0000 0.000000000000         55           1.00
     16.0000 0.100000000000      17010           1.11
     17.0000 0.200000000000      24252           1.25
     18.0000 0.300000000000      38161           1.43
     18.0000 0.400000000000      38161           1.67
     19.0000 0.500000000000      51896           2.00
     19.0000 0.550000000000      51896           2.22
     20.0000 0.600000000000      64216           2.50
     20.0000 0.650000000000      64216           2.86
     21.0000 0.700000000000      69930           3.33
     21.0000 0.750000000000      69930           4.00
     22.0000 0.775000000000      72828           4.44
     23.0000 0.800000000000      74991           5.00
     24.0000 0.825000000000      76849           5.71
     26.0000 0.850000000000      79661           6.67
     27.0000 0.875000000000      80817           8.00
     29.0000 0.887500000000      82739           8.89
     30.0000 0.900000000000      83600          10.00
     31.0000 0.912500000000      84401          11.43
     33.0000 0.925000000000      85896          13.33
     34.0000 0.937500000000      86729          16.00
     35.0000 0.943750000000      87573          17.78
     36.0000 0.950000000000      88439          20.00
     36.0000 0.956250000000      88439          22.86
     37.0000 0.962500000000      89293          26.67
     38.0000 0.968750000000      90054          32.00
     38.0000 0.971875000000      90054          35.56
     38.0000 0.975000000000      90054          40.00
     39.0000 0.978125000000      90601          45.71
     39.0000 0.981250000000      90601          53.33
     40.0000 0.984375000000      91000          64.00
     41.0000 0.985937500000      91254          71.11
     41.0000 0.987500000000      91254          80.00
     42.0000 0.989062500000      91422          91.43
     43.0000 0.990625000000      91537         106.67
     44.0000 0.992187500000      91654         128.00
     45.0000 0.992968750000      91756         142.22
     45.0000 0.993750000000      91756         160.00
     46.0000 0.994531250000      91826         182.86
     48.0000 0.995312500000      91913         213.33
     50.0000 0.996093750000      91982         256.00
     51.0000 0.996484375000      92009         284.44
     52.0000 0.996875000000      92034         320.00
     54.0000 0.997265625000      92075         365.71
     56.0000 0.997656250000      92108         426.67
     58.0000 0.998046875000      92142         512.00
     60.0000 0.998242187500      92172         568.89
     61.0000 0.998437500000      92186         640.00
     63.0000 0.998632812500      92205         731.43
     65.0000 0.998828125000      92221         853.33
     66.0000 0.999023437500      92233        1024.00
     67.0000 0.999121093750      92244        1137.78
     68.0000 0.999218750000      92253        1280.00
     69.0000 0.999316406250      92260        1462.86
     72.0000 0.999414062500      92270        1706.67
     74.0000 0.999511718750      92280        2048.00
     75.0000 0.999560546875      92283        2275.56
     77.0000 0.999609375000      92288        2560.00
     79.0000 0.999658203125      92293        2925.71
     80.0000 0.999707031250      92296        3413.33
     81.0000 0.999755859375      92300        4096.00
     83.0000 0.999780273438      92302        4551.11
     84.0000 0.999804687500      92307        5120.00
     84.0000 0.999829101563      92307        5851.43
     87.0000 0.999853515625      92309        6826.67
     89.0000 0.999877929688      92311        8192.00
     90.0000 0.999890136719      92312        9102.22
     91.0000 0.999902343750      92313       10240.00
     97.0000 0.999914550781      92315       11702.86
     99.0000 0.999926757813      92316       13653.33
    100.0000 0.999938964844      92318       16384.00
    100.0000 0.999945068359      92318       18204.44
    100.0000 0.999951171875      92318       20480.00
    101.0000 0.999957275391      92319       23405.71
    101.0000 0.999963378906      92319       27306.67
    114.0000 0.999969482422      92320       32768.00
    114.0000 0.999972534180      92320       36408.89
    114.0000 0.999975585938      92320       40960.00
    120.0000 0.999978637695      92321       46811.43
    120.0000 0.999981689453      92321       54613.33
    120.0000 0.999984741211      92321       65536.00
    120.0000 0.999986267090      92321       72817.78
    120.0000 0.999987792969      92321       81920.00
    177.0000 0.999989318848      92322       93622.86
    177.0000 1.000000000000      92322
#[Mean    =      20.9144, StdDeviation   =       6.4339]
#[Max     =     177.0000, Total count    =        92322]
#[Buckets =            2, SubBuckets     =        32768]
== shared receive latency ==
mean                      20
min                       14
50.00%                    19
90.00%                    30
99.00%                    42
99.90%                    66
99.99%                    91
99.999%                  120
99.9999%                 177
max                      177
count                  92322

[shared-socket-sender] blocked 1379 times for 0ms
[shared-socket-receiver] blocked 46258 times for 10ms
       Value     Percentile TotalCount 1/(1-Percentile)
    257.0000 0.000000000000          1           1.00
    286.0000 0.100000000000      15178           1.11
    287.0000 0.200000000000      23372           1.25
    288.0000 0.300000000000      27854           1.43
    293.0000 0.400000000000      41245           1.67
    294.0000 0.500000000000      52721           2.00
    294.0000 0.550000000000      52721           2.22
    295.0000 0.600000000000      66400           2.50
    295.0000 0.650000000000      66400           2.86
    295.0000 0.700000000000      66400           3.33
    296.0000 0.750000000000      75337           4.00
    296.0000 0.775000000000      75337           4.44
    296.0000 0.800000000000      75337           5.00
    297.0000 0.825000000000      81709           5.71
    297.0000 0.850000000000      81709           6.67
    297.0000 0.875000000000      81709           8.00
    297.0000 0.887500000000      81709           8.89
    298.0000 0.900000000000      85074          10.00
    298.0000 0.912500000000      85074          11.43
    298.0000 0.925000000000      85074          13.33
    299.0000 0.937500000000      87311          16.00
    299.0000 0.943750000000      87311          17.78
    299.0000 0.950000000000      87311          20.00
    300.0000 0.956250000000      88689          22.86
    300.0000 0.962500000000      88689          26.67
    300.0000 0.968750000000      88689          32.00
    301.0000 0.971875000000      89693          35.56
    301.0000 0.975000000000      89693          40.00
    301.0000 0.978125000000      89693          45.71
    302.0000 0.981250000000      90172          53.33
    302.0000 0.984375000000      90172          64.00
    303.0000 0.985937500000      90503          71.11
    303.0000 0.987500000000      90503          80.00
    304.0000 0.989062500000      90755          91.43
    304.0000 0.990625000000      90755         106.67
    305.0000 0.992187500000      90884         128.00
    305.0000 0.992968750000      90884         142.22
    306.0000 0.993750000000      90961         160.00
    307.0000 0.994531250000      91033         182.86
    308.0000 0.995312500000      91085         213.33
    310.0000 0.996093750000      91161         256.00
    311.0000 0.996484375000      91197         284.44
    313.0000 0.996875000000      91253         320.00
    314.0000 0.997265625000      91277         365.71
    315.0000 0.997656250000      91305         426.67
    317.0000 0.998046875000      91345         512.00
    318.0000 0.998242187500      91363         568.89
    319.0000 0.998437500000      91376         640.00
    320.0000 0.998632812500      91392         731.43
    321.0000 0.998828125000      91405         853.33
    322.0000 0.999023437500      91420        1024.00
    323.0000 0.999121093750      91432        1137.78
    324.0000 0.999218750000      91449        1280.00
    324.0000 0.999316406250      91449        1462.86
    325.0000 0.999414062500      91460        1706.67
    326.0000 0.999511718750      91470        2048.00
    326.0000 0.999560546875      91470        2275.56
    327.0000 0.999609375000      91474        2560.00
    328.0000 0.999658203125      91479        2925.71
    329.0000 0.999707031250      91482        3413.33
    332.0000 0.999755859375      91488        4096.00
    332.0000 0.999780273438      91488        4551.11
    333.0000 0.999804687500      91491        5120.00
    334.0000 0.999829101563      91494        5851.43
    336.0000 0.999853515625      91495        6826.67
    338.0000 0.999877929688      91497        8192.00
    339.0000 0.999890136719      91499        9102.22
    340.0000 0.999902343750      91501       10240.00
    340.0000 0.999914550781      91501       11702.86
    342.0000 0.999926757813      91502       13653.33
    355.0000 0.999938964844      91503       16384.00
    355.0000 0.999945068359      91503       18204.44
    357.0000 0.999951171875      91504       20480.00
    361.0000 0.999957275391      91505       23405.71
    361.0000 0.999963378906      91505       27306.67
    362.0000 0.999969482422      91506       32768.00
    362.0000 0.999972534180      91506       36408.89
    362.0000 0.999975585938      91506       40960.00
    363.0000 0.999978637695      91507       46811.43
    363.0000 0.999981689453      91507       54613.33
    363.0000 0.999984741211      91507       65536.00
    363.0000 0.999986267090      91507       72817.78
    363.0000 0.999987792969      91507       81920.00
    378.0000 0.999989318848      91508       93622.86
    378.0000 1.000000000000      91508
#[Mean    =     292.3668, StdDeviation   =       5.2907]
#[Max     =     378.0000, Total count    =        91508]
#[Buckets =            2, SubBuckets     =        32768]
== shared receive latency ==
mean                     292
min                      257
50.00%                   294
90.00%                   298
99.00%                   304
99.90%                   322
99.99%                   339
99.999%                  363
99.9999%                 378
max                      378
count                  91508


[shared-socket-receiver] blocked 6 times for 0ms
[shared-socket-sender] blocked 4 times for 0ms
       Value     Percentile TotalCount 1/(1-Percentile)
     22.0000 0.000000000000        110           1.00
     23.0000 0.100000000000      14724           1.11
     24.0000 0.200000000000      23003           1.25
     25.0000 0.300000000000      41084           1.43
     25.0000 0.400000000000      41084           1.67
     26.0000 0.500000000000      52186           2.00
     26.0000 0.550000000000      52186           2.22
     27.0000 0.600000000000      70992           2.50
     27.0000 0.650000000000      70992           2.86
     27.0000 0.700000000000      70992           3.33
     27.0000 0.750000000000      70992           4.00
     28.0000 0.775000000000      80805           4.44
     28.0000 0.800000000000      80805           5.00
     28.0000 0.825000000000      80805           5.71
     28.0000 0.850000000000      80805           6.67
     29.0000 0.875000000000      87199           8.00
     29.0000 0.887500000000      87199           8.89
     29.0000 0.900000000000      87199          10.00
     29.0000 0.912500000000      87199          11.43
     29.0000 0.925000000000      87199          13.33
     30.0000 0.937500000000      89616          16.00
     30.0000 0.943750000000      89616          17.78
     30.0000 0.950000000000      89616          20.00
     31.0000 0.956250000000      90888          22.86
     31.0000 0.962500000000      90888          26.67
     32.0000 0.968750000000      91552          32.00
     32.0000 0.971875000000      91552          35.56
     33.0000 0.975000000000      91982          40.00
     34.0000 0.978125000000      92282          45.71
     35.0000 0.981250000000      92540          53.33
     36.0000 0.984375000000      92755          64.00
     36.0000 0.985937500000      92755          71.11
     37.0000 0.987500000000      92924          80.00
     38.0000 0.989062500000      93077          91.43
     39.0000 0.990625000000      93213         106.67
     40.0000 0.992187500000      93343         128.00
     41.0000 0.992968750000      93432         142.22
     42.0000 0.993750000000      93523         160.00
     43.0000 0.994531250000      93609         182.86
     44.0000 0.995312500000      93690         213.33
     44.0000 0.996093750000      93690         256.00
     45.0000 0.996484375000      93751         284.44
     46.0000 0.996875000000      93810         320.00
     46.0000 0.997265625000      93810         365.71
     47.0000 0.997656250000      93850         426.67
     48.0000 0.998046875000      93882         512.00
     49.0000 0.998242187500      93919         568.89
     49.0000 0.998437500000      93919         640.00
     50.0000 0.998632812500      93938         731.43
     51.0000 0.998828125000      93958         853.33
     52.0000 0.999023437500      93976        1024.00
     52.0000 0.999121093750      93976        1137.78
     53.0000 0.999218750000      93989        1280.00
     53.0000 0.999316406250      93989        1462.86
     54.0000 0.999414062500      93999        1706.67
     56.0000 0.999511718750      94019        2048.00
     56.0000 0.999560546875      94019        2275.56
     56.0000 0.999609375000      94019        2560.00
     57.0000 0.999658203125      94027        2925.71
     57.0000 0.999707031250      94027        3413.33
     58.0000 0.999755859375      94033        4096.00
     58.0000 0.999780273438      94033        4551.11
     59.0000 0.999804687500      94037        5120.00
     59.0000 0.999829101563      94037        5851.43
     60.0000 0.999853515625      94040        6826.67
     61.0000 0.999877929688      94042        8192.00
     61.0000 0.999890136719      94042        9102.22
     62.0000 0.999902343750      94044       10240.00
     62.0000 0.999914550781      94044       11702.86
     64.0000 0.999926757813      94046       13653.33
     66.0000 0.999938964844      94047       16384.00
     66.0000 0.999945068359      94047       18204.44
     67.0000 0.999951171875      94049       20480.00
     67.0000 0.999957275391      94049       23405.71
     67.0000 0.999963378906      94049       27306.67
     68.0000 0.999969482422      94050       32768.00
     68.0000 0.999972534180      94050       36408.89
     68.0000 0.999975585938      94050       40960.00
     68.0000 0.999978637695      94050       46811.43
     70.0000 0.999981689453      94051       54613.33
     70.0000 0.999984741211      94051       65536.00
     70.0000 0.999986267090      94051       72817.78
     70.0000 0.999987792969      94051       81920.00
     70.0000 0.999989318848      94051       93622.86
     74.0000 0.999990844727      94052      109226.67
     74.0000 1.000000000000      94052
#[Mean    =      26.3202, StdDeviation   =       3.0278]
#[Max     =      74.0000, Total count    =        94052]
#[Buckets =            2, SubBuckets     =        32768]
== duplex receive latency ==
mean                      26
min                       22
50.00%                    26
90.00%                    29
99.00%                    39
99.90%                    51
99.99%                    62
99.999%                   70
99.9999%                  74
max                       74
count                  94052

[shared-socket-receiver] blocked 2 times for 0ms
[shared-socket-sender] blocked 4 times for 0ms
       Value     Percentile TotalCount 1/(1-Percentile)

     22.0000 0.000000000000       1105           1.00
     23.0000 0.100000000000      16361           1.11
     24.0000 0.200000000000      24291           1.25
     25.0000 0.300000000000      42613           1.43
     25.0000 0.400000000000      42613           1.67
     26.0000 0.500000000000      56337           2.00
     26.0000 0.550000000000      56337           2.22
     27.0000 0.600000000000      73456           2.50
     27.0000 0.650000000000      73456           2.86
     27.0000 0.700000000000      73456           3.33
     27.0000 0.750000000000      73456           4.00
     27.0000 0.775000000000      73456           4.44
     28.0000 0.800000000000      82900           5.00
     28.0000 0.825000000000      82900           5.71
     28.0000 0.850000000000      82900           6.67
     28.0000 0.875000000000      82900           8.00
     29.0000 0.887500000000      88093           8.89
     29.0000 0.900000000000      88093          10.00
     29.0000 0.912500000000      88093          11.43
     29.0000 0.925000000000      88093          13.33
     30.0000 0.937500000000      90328          16.00
     30.0000 0.943750000000      90328          17.78
     30.0000 0.950000000000      90328          20.00
     30.0000 0.956250000000      90328          22.86
     31.0000 0.962500000000      91539          26.67
     31.0000 0.968750000000      91539          32.00
     31.0000 0.971875000000      91539          35.56
     32.0000 0.975000000000      92131          40.00
     32.0000 0.978125000000      92131          45.71
     33.0000 0.981250000000      92523          53.33
     34.0000 0.984375000000      92784          64.00
     34.0000 0.985937500000      92784          71.11
     35.0000 0.987500000000      92966          80.00
     36.0000 0.989062500000      93107          91.43
     37.0000 0.990625000000      93278         106.67
     38.0000 0.992187500000      93400         128.00
     39.0000 0.992968750000      93519         142.22
     39.0000 0.993750000000      93519         160.00
     40.0000 0.994531250000      93613         182.86
     41.0000 0.995312500000      93709         213.33
     42.0000 0.996093750000      93779         256.00
     42.0000 0.996484375000      93779         284.44
     43.0000 0.996875000000      93843         320.00
     43.0000 0.997265625000      93843         365.71
     44.0000 0.997656250000      93888         426.67
     45.0000 0.998046875000      93933         512.00
     45.0000 0.998242187500      93933         568.89
     45.0000 0.998437500000      93933         640.00
     46.0000 0.998632812500      93965         731.43
     47.0000 0.998828125000      93996         853.33
     47.0000 0.999023437500      93996        1024.00
     47.0000 0.999121093750      93996        1137.78
     48.0000 0.999218750000      94013        1280.00
     48.0000 0.999316406250      94013        1462.86
     49.0000 0.999414062500      94025        1706.67
     50.0000 0.999511718750      94037        2048.00
     50.0000 0.999560546875      94037        2275.56
     51.0000 0.999609375000      94043        2560.00
     52.0000 0.999658203125      94053        2925.71
     52.0000 0.999707031250      94053        3413.33
     53.0000 0.999755859375      94060        4096.00
     53.0000 0.999780273438      94060        4551.11
     53.0000 0.999804687500      94060        5120.00
     54.0000 0.999829101563      94062        5851.43
     55.0000 0.999853515625      94067        6826.67
     55.0000 0.999877929688      94067        8192.00
     55.0000 0.999890136719      94067        9102.22
     56.0000 0.999902343750      94069       10240.00
     56.0000 0.999914550781      94069       11702.86
     60.0000 0.999926757813      94072       13653.33
     60.0000 0.999938964844      94072       16384.00
     60.0000 0.999945068359      94072       18204.44
     61.0000 0.999951171875      94074       20480.00
     61.0000 0.999957275391      94074       23405.71
     61.0000 0.999963378906      94074       27306.67
     66.0000 0.999969482422      94075       32768.00
     66.0000 0.999972534180      94075       36408.89
     66.0000 0.999975585938      94075       40960.00
     66.0000 0.999978637695      94075       46811.43
     73.0000 0.999981689453      94076       54613.33
     73.0000 0.999984741211      94076       65536.00
     73.0000 0.999986267090      94076       72817.78
     73.0000 0.999987792969      94076       81920.00
     73.0000 0.999989318848      94076       93622.86
    183.0000 0.999990844727      94077      109226.67
    183.0000 1.000000000000      94077
#[Mean    =      26.0921, StdDeviation   =       2.7838]
#[Max     =     183.0000, Total count    =        94077]
#[Buckets =            2, SubBuckets     =        32768]
== duplex receive latency ==
mean                      26
min                       22
50.00%                    26
90.00%                    29
99.00%                    37
99.90%                    47
99.99%                    56
99.999%                   73
99.9999%                 183
max                      183
count                  94077



[shared-socket-receiver] blocked 2 times for 0ms
[shared-socket-sender] blocked 5 times for 0ms
       Value     Percentile TotalCount 1/(1-Percentile)

     23.0000 0.000000000000       5032           1.00
     24.0000 0.100000000000      18001           1.11
     25.0000 0.200000000000      27141           1.25
     26.0000 0.300000000000      44154           1.43
     26.0000 0.400000000000      44154           1.67
     27.0000 0.500000000000      58368           2.00
     27.0000 0.550000000000      58368           2.22
     27.0000 0.600000000000      58368           2.50
     28.0000 0.650000000000      74043           2.86
     28.0000 0.700000000000      74043           3.33
     28.0000 0.750000000000      74043           4.00
     28.0000 0.775000000000      74043           4.44
     29.0000 0.800000000000      82288           5.00
     29.0000 0.825000000000      82288           5.71
     29.0000 0.850000000000      82288           6.67
     29.0000 0.875000000000      82288           8.00
     30.0000 0.887500000000      85964           8.89
     30.0000 0.900000000000      85964          10.00
     30.0000 0.912500000000      85964          11.43
     31.0000 0.925000000000      87718          13.33
     32.0000 0.937500000000      88726          16.00
     32.0000 0.943750000000      88726          17.78
     33.0000 0.950000000000      89326          20.00
     35.0000 0.956250000000      90249          22.86
     36.0000 0.962500000000      90616          26.67
     38.0000 0.968750000000      91251          32.00
     39.0000 0.971875000000      91556          35.56
     40.0000 0.975000000000      91837          40.00
     41.0000 0.978125000000      92153          45.71
     42.0000 0.981250000000      92454          53.33
     43.0000 0.984375000000      92710          64.00
     43.0000 0.985937500000      92710          71.11
     44.0000 0.987500000000      92934          80.00
     44.0000 0.989062500000      92934          91.43
     45.0000 0.990625000000      93122         106.67
     46.0000 0.992187500000      93263         128.00
     47.0000 0.992968750000      93404         142.22
     47.0000 0.993750000000      93404         160.00
     48.0000 0.994531250000      93513         182.86
     49.0000 0.995312500000      93603         213.33
     49.0000 0.996093750000      93603         256.00
     50.0000 0.996484375000      93694         284.44
     50.0000 0.996875000000      93694         320.00
     51.0000 0.997265625000      93756         365.71
     51.0000 0.997656250000      93756         426.67
     52.0000 0.998046875000      93807         512.00
     52.0000 0.998242187500      93807         568.89
     53.0000 0.998437500000      93846         640.00
     53.0000 0.998632812500      93846         731.43
     54.0000 0.998828125000      93869         853.33
     55.0000 0.999023437500      93885        1024.00
     55.0000 0.999121093750      93885        1137.78
     56.0000 0.999218750000      93898        1280.00
     56.0000 0.999316406250      93898        1462.86
     57.0000 0.999414062500      93911        1706.67
     58.0000 0.999511718750      93923        2048.00
     58.0000 0.999560546875      93923        2275.56
     59.0000 0.999609375000      93935        2560.00
     59.0000 0.999658203125      93935        2925.71
     59.0000 0.999707031250      93935        3413.33
     60.0000 0.999755859375      93939        4096.00
     61.0000 0.999780273438      93944        4551.11
     61.0000 0.999804687500      93944        5120.00
     62.0000 0.999829101563      93947        5851.43
     63.0000 0.999853515625      93949        6826.67
     64.0000 0.999877929688      93953        8192.00
     64.0000 0.999890136719      93953        9102.22
     64.0000 0.999902343750      93953       10240.00
     64.0000 0.999914550781      93953       11702.86
     66.0000 0.999926757813      93955       13653.33
     67.0000 0.999938964844      93957       16384.00
     67.0000 0.999945068359      93957       18204.44
     67.0000 0.999951171875      93957       20480.00
     67.0000 0.999957275391      93957       23405.71
     71.0000 0.999963378906      93959       27306.67
     71.0000 0.999969482422      93959       32768.00
     71.0000 0.999972534180      93959       36408.89
     71.0000 0.999975585938      93959       40960.00
     71.0000 0.999978637695      93959       46811.43
     72.0000 0.999981689453      93960       54613.33
     72.0000 0.999984741211      93960       65536.00
     72.0000 0.999986267090      93960       72817.78
     72.0000 0.999987792969      93960       81920.00
     72.0000 0.999989318848      93960       93622.86
     79.0000 0.999990844727      93961      109226.67
     79.0000 1.000000000000      93961
#[Mean    =      27.2990, StdDeviation   =       3.8817]
#[Max     =      79.0000, Total count    =        93961]
#[Buckets =            2, SubBuckets     =        32768]
== duplex receive latency ==
mean                      27
min                       23
50.00%                    27
90.00%                    30
99.00%                    45
99.90%                    54
99.99%                    64
99.999%                   72
99.9999%                  79
max                       79
count                  93961



